
GA = [4.8560721953008	0.493153851655819	0.0132803310206709	2.01846792074959	27.7199999999975
5.41313325442353	0.464554466776339	0.00665539117373578	2.03274443888134	26.760000000002
4.75882657268915	0.485544667763393	0.010994275659824	2.02246143575805	27.6999999999971
6.72519994526819	0.585558114584079	0.0330848397110364	2.0187444865651	26.5800000000017
5.58490329535578	0.525620198841285	0.0226525387311351	2.01846076818539	26.5300000000025
4.87347665134813	0.481825334382376	0.00955719047278449	2.02315046610877	27.6800000000003
5.39477395868778	0.504275802875331	0.0176461775266433	2.01393557923849	27.4499999999971
5.65706427499715	0.509580716686932	0.018491432086403	2.01132966168371	27.1500000000015
5.34136807201857	0.489899721049996	0.0152641831056434	2.01600743866676	27.1899999999987
5.20746906269837	0.482855875831486	0.012593990415564	2.01402141000882	27.4500000000007
5.17219153416732	0.478774336599671	0.00811038752592804	2.02871277686384	27.8500000000022
4.74913733488581	0.481101494885917	0.0109079590873328	2.02147199771118	27.1899999999987
5.84214788558607	0.467430941992704	0.00603907560260353	2.01889469041318	27.2999999999993
5.63001930715198	0.481380158786925	0.0141504516129032	2.01625062584937	27.1599999999999
5.92498850484905	0.512333023388885	0.0214518237608183	2.01946927973679	26.4099999999999
5.91997515362382	0.506364351620056	0.01716934039053	2.03278973845457	27.3400000000001
4.94705089616361	0.471418067377155	0.00932444059795437	2.01801969339342	26.8899999999994
5.55062117506604	0.509136113296617	0.0121014333738645	2.02112152206566	27.2700000000004
5.07601479750456	0.463810600100136	0.00668835533938917	2.02729180077725	26.7100000000028
5.25282752318205	0.529186753451112	0.0205898013017667	2.02237560498772	26.8399999999965
5.13546827101928	0.474263643516201	0.00828292539875545	2.01897336861932	28.9600000000028
5.18453281165338	0.518758887061011	0.0152832375366569	2.02434017595308	27.1800000000003
5.33450276955544	0.497936914383807	0.0153470698805522	2.01282216341225	23.1299999999974
5.33190538595603	0.514771761676561	0.0145525001072885	2.01896621605512	23.0699999999997
5.48988153152741	0.464500679493599	0.00646818138902797	2.01804830365019	22.5300000000025
5.50037317551044	0.515874973177884	0.020746714541163	2.02114774813437	22.3999999999978
6.03519906331861	0.501632215149131	0.0185382107145412	2.02676966359106	23.5699999999997
6.14080119964072	0.55536227737644	0.0287466221300336	2.0191235724674	23.6500000000015
6.39310458902364	0.557446820685216	0.0193043893855947	2.02748015163436	23.7200000000012
5.44866067470833	0.497357270581504	0.0161116289249696	2.02766611830341	24
];

SA = [6.93028632450325	0.524859554787541	0.0289444141627922	2.01543621076715	268.29
7.12145951023274	0.546171004730499	0.0319548169907672	2.01076862756348	383.48
8.06585750737078	0.584556993835105	0.0440314894255499	2.01371873141363	276.33
6.13686366876309	0.488253836088191	0.0189523996697701	2.01361917597072	336.56
7.01200286082769	0.532498716372549	0.0301691284947793	2.01607813154779	331.54
6.13923710658133	0.473252886835473	0.0151266721448187	2.0162567894857	269.35
8.36563289055019	0.598373817612299	0.0471818294780156	2.01405121829215	282.77
11.0317934017224	0.5	0.03	2	232.46
6.35839907625018	0.480848385910513	0.0159647606559745	2.01772698056421	435.619999999999
6.64601194394861	0.518332659762903	0.0268100209948945	2.01419803427063	528.96
10.7570517164249	0.511745157023533	0.0327405366388244	1.99459539159636	324.97
9.62101798446815	0.6459200128464	0.0645946950589519	2.0111643680606	385.21
6.89052685064197	0.535147844947261	0.0310224593277019	2.01455193720292	584.91
7.32125720900175	0.557150517356331	0.0385399551307968	2.01113203569632	431.780000000001
6.65373593151003	0.513321748253538	0.023985448211857	2.01042075458442	455.75
6.53950163359604	0.502996513092871	0.020866748124223	2.01412601171575	386.839999999999
7.13126607639065	0.543014231235991	0.0328599150760521	2.01810073919145	470.43
8.62388826583393	0.607429528400724	0.051176100886292	2.01335433027284	493.219999999999
6.98376251834528	0.532848003333	0.029399659128075	2.01383868377864	619.790000000001
6.23430366722677	0.470928237391508	0.0140110846484889	2.01523370332756	582.01
7.62008021546003	0.567415222531485	0.0394120948737954	2.01589216699744	815.4
7.84092468974464	0.572652843368219	0.0422298293307148	2.01192219614761	603.93
7.82759356560142	0.573636997213633	0.0416752157118297	2.00659590334396	623.049999999999
7.69105606485592	0.567267151862527	0.0395108618495128	2.01412792590296	762.23
7.99207528977856	0.580119287898651	0.0434199507308901	2.01344266134737	780.01
7.50286278469249	0.559657009834094	0.0376280562921721	2.01420578737007	562.110000000001
6.84853066747513	0.519320810726022	0.0274388617373422	2.01550649489432	526.57
9.14333172665165	0.642485475713828	0.0601153343313675	2.01555432283395	982.790000000001
8.21177640874369	0.591839877046792	0.0461762202080638	2.01104547043623	536.66
6.20424969723244	0.500510559563247	0.0220650119427435	2.01030516181707	549.419999999998
];


CSA = [4.63995155076485	0.483924250986352	0.0112092953899811	2.02473055389905	25.5099999999984
4.63995154982018	0.48392464904185	0.0112093013825847	2.02473088808347	45.1699999999983
4.63995155035068	0.483924236225294	0.0112091703014437	2.02473119032642	65.3499999999985
4.63995154981718	0.483924836863508	0.0112092962789677	2.02473085194201	85.3199999999997
4.6399515503805	0.483924319262051	0.0112091366885253	2.02473095281403	104.93
4.63995154985558	0.48392471488054	0.011209258327629	2.02473092003438	126.610000000001
4.63995154979456	0.483924869241066	0.0112093153697203	2.02473084096144	146.080000000002
4.63995154999274	0.483925437147606	0.0112094516453662	2.02473090620628	165.5
4.63995154977424	0.483924870055353	0.0112093175347955	2.02473088608028	184.919999999998
4.63995154977365	0.483924848808133	0.0112093156744636	2.02473089959601	204.52
4.63995154977403	0.483924825449184	0.0112093096640374	2.02473088750788	227.5
4.63995154986036	0.48392477445533	0.0112092668400815	2.02473092401406	247.02
4.63995155000539	0.483924811494028	0.0112092785230735	2.02473076718855	266.59
4.63995154981258	0.483924595304024	0.0112092572609299	2.02473088068023	287.43
4.63995154979167	0.483924849454178	0.0112093143966782	2.02473094901455	309.810000000001
4.63995154980479	0.483924618067386	0.0112092881701825	2.02473086683429	332.220000000001
4.63995154979824	0.483924924991629	0.0112093103086182	2.02473092176472	354.709999999999
4.63995154984606	0.483924868835047	0.0112093378928642	2.02473095560423	377.34
4.63995154978257	0.483924992489554	0.0112093398572649	2.02473090785022	399.77
4.63995155020629	0.483924848086439	0.011209301042027	2.02473065253577	422.360000000001
4.63995154978561	0.483924807949757	0.0112092995852832	2.02473093925122	445.59
4.63995154977678	0.483924837374494	0.0112093180106047	2.02473090429279	469.119999999999
4.639951549853	0.483924641469431	0.0112092917337785	2.02473097346272	491.849999999999
4.63995154978944	0.483924832034735	0.0112093032656768	2.02473086386474	514.439999999999
4.63995154986814	0.483924569731916	0.011209263919931	2.0247307955171	538
4.63995154998153	0.483924980723191	0.0112093262167448	2.0247307320054	561.549999999999
4.63995154982682	0.483924743595052	0.0112093218932475	2.02473089315742	584.470000000001
4.63995154989939	0.483924581192209	0.0112093061083779	2.02473086847916	608.349999999999
4.63995154987622	0.483925117118884	0.0112093780188704	2.02473077186234	631.049999999999
4.63995154981533	0.483924577524277	0.0112092728931079	2.02473084059962	653.669999999998
];

