
WOA_1000_agents_30_iters = [4.73282705256699	0.483995014449269	0.0112592656129446	2.02294816843838	113.549999999999
4.73251624066684	0.48453890996233	0.0113588997505762	2.02289857296998	211.469999999999
4.73750625719472	0.488255319227011	0.0121396899075259	2.02269208900668	305
4.73482989807527	0.486920727836057	0.0118805081393316	2.02273985286532	397.769999999999
4.73256901104308	0.484369816622317	0.0113165593622519	2.0228363511855	490.279999999999
4.73561216373413	0.482080680682704	0.0108364418800382	2.02303898337413	585.82
4.73264877533292	0.484869753426814	0.0114109372160713	2.0228852689319	685.15
4.74131495839404	0.489956988361554	0.012368679977516	2.02266395137885	784.5
4.74341171169469	0.490042199680028	0.0125160431424966	2.02259340337452	885.129999999999
4.73648664066337	0.487487705243317	0.0120295958192213	2.02268541474894	984.279999999999
4.73692276540307	0.481925785181409	0.0107468659146244	2.02309831256724	1083.19
4.73314513055998	0.483570944580916	0.0111843226277482	2.02292081791604	1183.74
4.73375992424785	0.486452638339125	0.0117491433047291	2.02279010691657	1282.09
4.73255095728732	0.485266574729285	0.0114431495749795	2.02299536134802	1381.48
4.73264797386738	0.484852986525434	0.011409496541767	2.02288566607849	1480.85
4.73248753274178	0.48485401527131	0.0114020830898292	2.022881086327	1580.12
4.7330864373861	0.485753589303298	0.0116133013856941	2.02282259261874	1682.39
4.73579054858861	0.487839966860063	0.011984052181976	2.02274278922304	1775.63
4.73319867607468	0.483607385815407	0.0111483072722219	2.02292645232688	1871.51
4.79348280829329	0.498066450857373	0.0141821487240554	2.02223163265957	1970.68
4.74378462377099	0.490241466189082	0.0125382278713031	2.02258031008103	2066
4.73989285970444	0.488713970621203	0.0122874029570318	2.02251799986116	2166.31
4.74077023018602	0.489806441724872	0.0123675024655646	2.0226003735816	2265.93
4.73324406483686	0.485726345949523	0.0116259150426616	2.02270430880762	2365.77
4.73264681850242	0.484773766799881	0.011396574020999	2.02288556575111	2460.03
4.74092073533195	0.480295855115685	0.0104586142218422	2.02313091663461	2553.17
4.73449635107517	0.486680336522834	0.0118370228419102	2.02269567770149	2645.86
4.73379934517056	0.482953623448318	0.0110631897345459	2.02297437402652	2738.61
4.73297207839648	0.485639831322016	0.0115843482428836	2.02283240445411	2833.84
4.73772845282572	0.48847252756799	0.0121601160878525	2.02269325556195	2942.52

];


WOA_500_AGENTS_100_iters = [4.73384437044199	0.486686723823064	0.0117550885940693	2.0227828178733	200.299999999999
4.84794027256065	0.501964506312286	0.0152840476580599	2.02184590448036	391.849999999999
4.73605216732573	0.481902460643336	0.0107935163956716	2.02304612788988	580.74
4.74029720513826	0.488586469425249	0.0122937737971205	2.02259988299427	765.299999999999
4.73272127602358	0.483923166804581	0.0112759683315727	2.02291384221503	954.009999999998
4.7333403236908	0.48349900778137	0.0111101068358233	2.02297873418055	1143.98
4.79325080296581	0.498072195395889	0.0141764024557666	2.02222982573153	1333.63
4.73735478004939	0.488077030100962	0.012121624921767	2.02267908532667	1529.04
4.73656998313829	0.487590201683967	0.0120429467435466	2.02268585798644	1727.35
4.73301559715109	0.485915675625117	0.0116649147933046	2.02278694356013	1929.11
4.80216798492102	0.498435743334862	0.014375442657964	2.02212274654092	2130.21
4.73751039481966	0.481313787145444	0.0106823516658476	2.02307948539383	2329.38
4.73560747462796	0.487195090834307	0.0119547932618644	2.02271116492208	2536.14
4.73358870609277	0.486334908535697	0.0117210764837736	2.02279777580486	2731.38
4.73241918756398	0.484993264429524	0.0114695858242343	2.02284937300368	2921.38
4.77669216311506	0.495414479181898	0.0137246373502613	2.0222695728743	3105.83
4.73834933861092	0.481105786305422	0.0106260503903813	2.02310321175238	3293.46
4.73849025987369	0.481280083277685	0.0106273021604792	2.02312322928082	3496.81
4.73354898677983	0.483253573307956	0.0110852178796879	2.02296716033847	3694.92
4.73334886183427	0.486182458278899	0.0116140901791884	2.02287216569605	3894.3
4.73292971435406	0.485850592996181	0.011634890946519	2.02282266987091	4093.77
4.83921510655197	0.469664186585207	0.0083181625092688	2.02383834605996	4291.26
4.73258144253468	0.485378310158194	0.0114412614119393	2.02289234955163	4482.82
4.73297046133708	0.48568067262847	0.0115256045417603	2.02288651364477	4668.56
4.73333615333202	0.486125326235334	0.0116741122706659	2.02281552024105	4867.8
4.73617492678719	0.487942072183846	0.0120623962489738	2.02267222431049	5061.42
4.7412878728931	0.489500503965415	0.0123967756173097	2.0226239150409	5254.36
4.73271698603789	0.485055177965332	0.0114707863057356	2.02285745534938	5446.92
4.76321502114731	0.476441730908921	0.00966693539404089	2.02338793186904	5633.46
4.75586731408389	0.492406089094184	0.0130653479416265	2.02241876561011	5819.25
];


WOA_50_agents_100_iters = [10.7344618261651	0.70250555215571	0.0639060190144499	2.01687084448769	49.380000000001
14.5297619190541	0.762478631397603	0.0953098289247004	2.01261747116299	103.880000000001
4.84804171549978	0.504907264556651	0.0151636060931207	2.0222645194372	145.140000000003
7.76741733991397	0.596774641811278	0.0410998544992935	2.01726506829025	193.170000000002
4.77334183599085	0.474399476808662	0.0094660091812013	2.02332243348813	237.940000000002
5.9514484943827	0.537463043234561	0.0258729206168746	2.01905457190039	290.600000000002
5.34689717187448	0.535495712555746	0.0212835570985228	2.02138301988147	337.170000000002
6.30863179469164	0.566669859201638	0.030344388859594	2.01940093529176	388.950000000001
11.5474903969739	0.705731959158286	0.0713197949829187	2.01507962508213	440.360000000001
5.28169354702721	0.526519624734034	0.0209980096030192	2.02069182087361	493.16
5.88178503180781	0.541847904581337	0.026088534008324	2.01933686811595	555.920000000002
14.5582643173828	0.774988228655992	0.096873528581999	2.0129974060995	610.59
11.8556919869248	0.715741418893173	0.0739514877525552	2.01497036629778	652.950000000001
4.73468742483637	0.487292801271241	0.0118434914597135	2.0228137742823	691.280000000003
6.18732062337219	0.554872470932307	0.0289854704792675	2.01904941973475	734.82
5.28134539080513	0.531357198793434	0.0208859953286733	2.0212254148495	786.540000000001
5.9803077113851	0.556150212218715	0.0275960798838708	2.01983412262115	828.75
4.75755084223834	0.4937422846595	0.0130622540715576	2.02259009753887	868.75
4.7331248630718	0.485272347057502	0.011406013099693	2.02293723685077	910.050000000003
11.7694177170813	0.705382587214474	0.0728133047891965	2.01466901234254	960.57
6.59016356265067	0.572825057677677	0.032583147575317	2.01888770499756	1000.8
5.79392894754167	0.555308152273156	0.0239942955300447	2.02162093489613	1049.83
14.5864054153343	0.766995285607553	0.0961933523526666	2.01266208930023	1099.35
5.02478243838729	0.463375459734602	0.00674916970178051	2.02465660221152	1151.84
13.98904397094	0.763619639914303	0.0920100943790351	2.01332784278771	1201.69
5.80647672017915	0.535307628931789	0.0249516928823957	2.01933193331388	1248.62
5.19172872965442	0.519151033991847	0.0197758268825193	2.02069997880961	1291.8
10.4142054699306	0.521703161691092	0.00451780384737546	2.03293730079954	1341.08
7.23738434138332	0.563485655514734	0.0345598346150393	2.01727669965836	1391.8
6.79126082662106	0.587057909370176	0.0338481485476043	2.01945480387697	1438.69
];

